1,1,200,1,0,0,0,5,0,0,5,100,0,
1,2,165,50,0,0,0,5,0,0,5,40,0,
2,1,400,50,4,20,60,45,70,94,24,80,0,
2,2,500,10,1,5,40,10,974,80,94,35,70,0,
3,1,800,40,10,20,70,20,476,136,20,85,0,
3,2,250,50,26,30,90,20,70,80,45,55,37,
4,1,250,0,12,20,80,40,70,90,20,50,0,
4,2,275,0,24,35,92,60,40,60,10,45,0,
5,1,300,0,36,40,90,20,30,90,10,89,0,
5,2,165,0,38,20,70,20,100,100,20,43,0,
6,1,165,0,36,510,60,10,95,95,24,30,17.5,
6,2,165,40,24,51,70,10,97,97,48,60,37,
7,1,275,50,36,68,60,10,76,80,24,65,0,
7,2,275,500,24,30,90,20,74,99,48,69,0,
8,1,300,50,36,25,90,30,80,89,24,53,0,
8,2,300,50,24,20,80,20,90,90,48,60,0,
9,1,300,0,36,15,70,30,80,80,20,39,0,
9,2,275,49,22,10,65,46,80,97,10,44,0,
10,1,250,50,36,20,60,55,80,90,20,51,0,
10,2,165,50,24,20,90,65,80,90,40,48,0,
~
~
~
~
~
~
~
~
~
~
~
~
~
~
~
~
~
~
~
~
~
~
~
~
~
~
~
~
- Config.txt 1/20 5%
